2 17 19 20 34 45 21
5 8 22 28 33 42 37
16 19 23 25 41 45 3
12 18 20 21 25 34 42
9 18 29 32 38 43 20
10 14 15 32 36 42 3
2 4 21 25 33 36 17
7 17 20 32 44 45 33
16 23 25 33 36 39 40
6 12 13 17 32 44 24
1 6 9 16 17 28 24
9 17 19 30 35 42 4
3 4 16 17 19 20 23
4 9 14 26 31 44 39
16 17 34 36 42 45 3
5 14 27 30 39 43 35
13 15 21 29 39 43 33
5 9 16 23 26 45 21
3 5 20 34 35 44 16
1 5 14 18 32 37 4
2 13 34 38 42 45 16
6 8 14 21 30 37 45
18 24 26 29 34 38 32
1 8 19 34 39 43 41
1 13 14 33 34 43 25
1 10 17 29 31 43 15
1 2 15 28 34 45 38
15 20 23 29 39 42 2
5 13 14 22 44 45 33
3 8 13 27 32 42 10
3 14 17 20 24 31 34
5 13 14 20 24 25 36
1 8 18 24 29 33 35
5 25 27 29 34 36 33
5 16 17 20 26 41 24
11 16 19 22 29 36 26
14 19 36 43 44 45 1
5 8 29 30 35 44 38
2 8 14 25 29 45 24
10 14 18 21 36 37 5
1 9 10 12 21 40 37
1 10 19 20 24 40 23
4 16 23 25 35 40 27
5 10 16 24 27 35 33
2 3 22 27 30 40 29
11 12 14 21 32 38 6
2 5 7 14 16 40 4
5 15 21 25 26 30 31
5 12 19 26 27 44 38
3 22 25 29 32 44 19
11 21 24 30 39 45 26
17 20 35 36 41 43 21
16 18 24 42 44 45 17
7 9 15 26 27 42 18
8 11 14 16 18 21 13
15 26 37 42 43 45 9
11 13 15 17 25 34 26
4 8 19 25 27 45 7
1 11 13 24 28 40 7
6 22 29 37 43 45 23
5 22 29 31 34 39 43
6 10 22 31 35 40 19
1 2 8 17 26 37 27
1 5 10 12 16 20 11
10 15 22 24 27 42 19
4 15 28 33 37 40 25
11 22 24 32 36 38 7
7 12 19 21 29 32 9
4 7 10 19 31 40 26
1 26 31 34 40 43 20
1 8 9 17 29 32 45
7 16 18 20 23 26 3
16 17 28 37 39 40 15
10 11 18 22 28 39 30
1 3 7 8 24 42 43
9 16 28 40 41 43 21
1 13 20 22 25 28 15
11 15 20 26 31 35 7
18 20 31 34 40 45 30
12 13 17 22 25 33 8
10 15 20 23 42 44 7
1 2 9 17 19 42 20
9 21 27 34 41 43 2
6 12 18 31 38 43 9
5 9 15 19 22 36 32
10 14 22 24 28 37 26
5 20 21 24 33 40 36
1 2 10 25 26 44 4
7 12 21 24 27 36 45
6 7 13 16 24 25 1
9 20 21 22 30 37 16
6 9 21 31 32 40 38
1 3 18 32 40 41 16
11 14 22 35 37 39 5
4 7 39 41 42 45 40
2 9 15 23 34 40 3
2 14 15 22 23 44 43
7 17 20 26 30 40 24
5 6 8 11 22 26 44
4 5 14 20 22 43 44
11 13 15 26 28 34 31
2 11 13 14 28 30 7
4 9 10 29 31 34 27
6 11 26 27 28 44 30
8 15 19 21 34 44 12
1 17 27 28 29 40 5
10 11 26 31 34 44 30
8 10 14 27 33 38 3
4 17 18 27 39 43 19
6 7 15 24 28 30 21
12 16 19 22 37 40 8
3 23 28 34 39 42 16
1 3 16 18 30 34 44
18 22 25 31 38 45 6
2 3 5 11 27 39 33
19 23 29 33 35 43 27
3 13 20 24 33 37 35
8 16 26 30 38 45 42
9 14 20 22 33 34 28
11 16 29 38 41 44 21
6 12 20 26 29 38 45
17 20 30 31 37 40 25
10 22 28 34 36 44 2
1 23 28 30 34 35 9
25 27 29 36 38 40 41
4 6 10 19 20 44 14
11 13 23 35 43 45 17
13 20 21 30 39 45 32
1 11 12 14 26 35 6
2 7 8 9 17 33 34
3 7 13 27 40 41 36
3 10 20 26 35 43 36
6 14 19 21 23 31 13
12 15 20 24 30 38 29
8 10 18 30 32 34 27
12 24 33 38 40 42 30
13 25 27 34 38 41 10
4 19 20 26 30 35 24
1 7 12 18 23 27 44
8 10 18 23 27 40 33
4 9 10 32 36 40 18
4 6 10 14 25 40 12
8 11 28 30 43 45 41
11 18 26 31 37 40 43
3 20 24 32 37 45 4
23 29 31 33 34 44 40
6 12 15 34 42 44 4
1 8 11 13 22 38 31
4 10 13 23 32 44 20
2 12 14 17 24 40 39
8 13 15 28 37 43 17
4 21 22 34 37 38 33
10 16 20 39 41 42 27
6 13 29 37 39 41 43
16 25 26 31 36 43 44
8 13 20 22 23 36 34
4 13 18 31 33 45 43
1 9 14 16 21 29 3
9 12 13 15 37 38 27
14 25 29 32 33 45 37
18 29 30 37 39 43 8
8 23 25 27 35 44 24
3 5 10 17 30 31 16
3 4 23 29 40 41 20
1 10 16 24 25 35 43
12 15 19 22 28 34 5
1 3 27 28 32 45 11
17 22 26 27 36 39 20
1 2 23 25 38 40 43
4 8 25 27 37 41 21
2 8 17 30 31 38 25
2 4 8 15 20 27 11
2 7 26 29 40 43 42
8 17 35 36 39 42 4
22 27 31 35 37 40 42
20 22 26 33 36 37 25
5 7 8 15 30 43 22
4 13 22 27 34 44 6
4 13 20 29 36 41 39
19 20 23 24 43 44 13
13 14 24 32 39 41 3
5 20 23 27 35 40 43
3 4 12 20 24 34 41
1 4 10 17 31 42 2
6 22 28 32 34 40 26
1 5 27 30 34 36 40
6 14 22 26 43 44 31
7 20 22 25 38 40 44
6 9 11 22 24 30 31
12 13 32 33 40 41 4
5 27 31 34 35 43 37
12 25 29 35 42 43 24
12 29 32 33 39 40 42
3 7 14 23 26 42 24
4 5 9 13 26 27 1
5 8 21 23 27 33 12
1 15 20 26 35 42 9
2 11 12 15 23 37 8
2 8 23 41 43 44 30
1 9 12 28 36 41 10
14 23 30 32 34 38 6
6 8 13 16 30 43 3
4 22 27 28 38 40 1
3 7 18 29 32 36 19
4 5 13 14 37 41 11
1 4 37 38 40 45 7
10 11 29 38 41 45 21
11 23 26 29 39 44 22
7 14 17 20 35 39 31
1 12 22 32 33 42 38
5 17 25 31 39 40 10
18 20 24 27 31 42 39
16 23 27 29 33 41 22
1 5 9 21 27 35 45
16 17 23 24 29 44 3
9 14 15 17 31 33 23
10 24 26 29 37 38 32
11 12 14 15 18 39 34
7 8 18 32 37 43 12
12 23 26 30 36 43 11
6 10 18 31 32 34 11
3 19 22 31 42 43 26
3 12 13 15 34 36 14
8 13 26 28 32 34 43
5 6 19 26 41 45 34
13 18 26 31 34 44 12
5 17 21 25 36 44 10
4 24 25 27 34 35 2
8 17 20 27 37 43 6
6 7 15 22 34 39 28
1 12 13 21 32 45 14
29 31 35 38 40 44 17
1 7 14 20 34 37 41
3 6 20 24 27 44 25
1 10 20 32 35 40 43
2 7 17 28 29 39 37
13 14 17 32 41 42 6
11 17 21 24 26 36 12
12 20 23 28 30 44 43
4 20 26 28 35 40 31
12 15 19 26 40 43 29
11 12 25 32 44 45 23
1 4 20 23 29 45 28
5 7 18 37 42 45 20
4 11 13 17 20 31 33
5 10 16 17 31 32 21
14 19 25 26 27 34 2
4 10 18 27 40 45 38
4 5 6 25 26 43 41
1 10 15 16 32 41 28
1 3 17 20 31 44 40
3 6 13 23 24 35 1
1 12 26 27 29 33 42
